S1
 (0.093,0.165,0.319)
 (0.133,0.257,0.483)
 (0.1,0.205,0.421)
 (0.064,0.12,0.24)
 (0.083,0.15,0.269)
 (0.06,0.103,0.19)
S2
 (0.083,0.148,0.286)
 (0.135,0.262,0.507)
 (0.101,0.209,0.442)
 (0.065,0.123,0.252)
 (0.084,0.154,0.283)
 (0.061,0.105,0.199)
S3
 (0.073,0.13,0.252)
 (0.136,0.267,0.53)
 (0.102,0.213,0.463)
 (0.066,0.125,0.264)
 (0.085,0.157,0.296)
 (0.061,0.107,0.208)
S4
 (0.064,0.113,0.218)
 (0.138,0.273,0.554)
 (0.103,0.218,0.484)
 (0.066,0.128,0.276)
 (0.086,0.16,0.309)
 (0.062,0.109,0.218)
S5
 (0.054,0.095,0.185)
 (0.139,0.278,0.578)
 (0.104,0.222,0.505)
 (0.067,0.13,0.287)
 (0.087,0.163,0.322)
 (0.063,0.111,0.227)
S6
 (0.044,0.078,0.151)
 (0.141,0.283,0.602)
 (0.106,0.226,0.525)
 (0.068,0.133,0.299)
 (0.088,0.166,0.336)
 (0.063,0.114,0.237)
S7
 (0.034,0.061,0.118)
 (0.142,0.289,0.626)
 (0.107,0.231,0.546)
 (0.069,0.135,0.311)
 (0.089,0.169,0.349)
 (0.064,0.116,0.246)
S8
 (0.024,0.043,0.084)
 (0.144,0.294,0.65)
 (0.108,0.235,0.567)
 (0.069,0.138,0.323)
 (0.09,0.172,0.362)
 (0.064,0.118,0.255)
S9
 (0.015,0.026,0.05)
 (0.145,0.299,0.673)
 (0.109,0.239,0.588)
 (0.07,0.14,0.335)
 (0.09,0.176,0.376)
 (0.065,0.12,0.265)
S10
 (0.005,0.009,0.017)
 (0.146,0.305,0.697)
 (0.11,0.243,0.609)
 (0.071,0.143,0.347)
 (0.091,0.179,0.389)
 (0.066,0.122,0.274)
S11
 (0.099,0.177,0.351)
 (0.126,0.241,0.447)
 (0.1,0.206,0.429)
 (0.065,0.121,0.244)
 (0.083,0.151,0.274)
 (0.06,0.104,0.193)